000000000000000000000000000000000000000000000000000000000
000000000000000000000000000000000000000000000000000000000
000000000000000000000000000000000000000000000000000000000
000000000000000000000000000000000000000000000000000000000
000000000000000000000000000000000000000000000000000000000
000000000000000000000000000000000000000000000000000000000
000000000000000000000000000000000000000000000000000000000
000000000000000000000000000000000034000000000000000000000
000000000000000000000000000000000056000000000000000000000
00000000000000000000000000000000DEF6000000000000000000000
0000l000000000000000000000000000ABC6000000000000000000000
111111111111111111111111111111111111111111111111111111111
111111111111111111111111111111111111111111111111111111111
000000000000000000000000000000000000000000000000000000000