000000000000000000000000000000000000000000000000000000000000000000000000000000000000000000000000000000000000000000000000000000000000000000000000000000000000000000000000000000000000000000000000000000000000000000000000000000000000000000000000000000000000000000000000000000
000000000000000000000000000000000000000000000000000000000000000000000000000000000000000000000000000000000000000000000000000000000000000000000000000000000000000000000000000000000000000000000000000000000000000000000000000000000000000000000000000000000000000000000000000000
000000000000000000000e000000000000000000000000000000000000000000000000000000000dddddddd000ddde00000000000000x00000000000ddd000deed00000000000000000000000000000000000000000000000000000000220000000000000000000000000000000000000000000000000000000000000000000000000000000000
000000000000000000000000000000000000000000000000000000000000000000000000000000000000000000000000000000000000000000000000000000000000000000000000000000000000000000000000000000000000000002220000000000000000000000000000000000000000000000000000000000000000000000000000000000
000000000000000000000000000000000000000000000000000000000000000000000000000000000000000000000000000000000000000000000000000000000000000000000000000000000000000000000000000000000000000022220000000000000000000000000000000000000000000000000000000000000000000000000000000000
000000000000000000000000000000000000000000000000000000000000000000000000000000000000000000000000000000000000000000000000000000000000000000000000000000000000000000000000000000000000000222220000000000000000000000000000000000000000000000000000000000000000000000000000000000
000000000000000x000dxded0000000000000000000003400000000034000000000000000000dxd00000000000000f00000dd0000e00e00e00000d000000000dd0000002002000000000022002000000000000dded0000000000002222220000000000000000000000000000000000000000000000000000000000000000000000000000000000
000000000000000000000000000000000000034000000560000000005600000000000000000000000000000000000000000000000000000000000000000000000000002200220000000022200220000000000000000000000000022222220000000000000000000000000000000000000000000000000000000000000000000000000000000000
000000000000000000000000000340000000056000000560000000005600000000000000000000000000000000000000000000000000000000000000000000000000022200222000000222200222000003400000000000000340222222220000000000000000000000000000000000000000000000000000000000000000000000000000000000
000000000000000000000000000560000000056000000560000000005600000000000000000000000000000000000000000000000000000000000000000000000000222200222200002222200222200005600000000000000562222222220000000020000000000000000000000000000000000000000000000000000000000000000000000000
111111111111111111111111111111111111111111111111111111111111111111110011111111111111100011111111111111111111111111111111111111111111111111111111111111100111111111111111111111111111111111111111111111111111111111111111111111111111111111111111111111111111111111111111111111
111111111111111111111111111111111111111111111111111111111111111111110011111111111111100011111111111111111111111111111111111111111111111111111111111111100111111111111111111111111111111111111111111111111111111111111111111111111111111111111111111111111111111111111111111111
000000000000000000000000000000000000000000000000000000000000000000000000000000000000000000000000000000000000000000000000000000000000000000000000000000000000000000000000000000000000000000000000000000000000000000000000000000000000000000000000000000000000000000000000000000